# Created by Octave 3.2.3, Tue May 17 21:10:48 2011 ART <christian@lis-ubuntu-01>
# name: complejidades
# type: matrix
# ndims: 3
 27 3 2
 92.13237165888842
 87.39342930970838
 79.15733752620547
 87.053876478318
 83.05905582480705
 67.67470602351813
 107.7255449972051
 83.96080837833416
 63.60683760683761
 77.00624999999999
 78.84406294706724
 48.75003985333971
 113.8978663223268
 75.01298701298701
 117.1492220650637
 73.71178612665423
 85.63955932449083
 84.72470107903179
 53.3968253968254
 89.62331511839709
 58.75598631698974
 77.2293067886288
 68.17672171666105
 102.2785452118786
 107.3923444976077
 83.3140438160077
 69.348476244558
 227.1822483276227
 327.900069881202
 158.6255744795891
 233.9694793536804
 191.3278054173576
 189.8698671497584
 306.7562676160807
 307.6358208955224
 157.0983606557377
 217.3812125943274
 309.9622641509434
 280.3742157458004
 281.7917746673579
 266.3600962261314
 321.1226655918313
 182.2392344497608
 223.230044123546
 273.8887321736405
 201.7575322812052
 205.7916441563119
 197.1525321239607
 229.5978975032851
 245.7795763389289
 268.0151515151515
 292.7785004516712
 323.2256020278834
 292.4486341545165
 61.37759336099585
 97.39618355293048
 111.9057078532645
 115.2219010918433
 72.02270884022708
 62.87254376563059
 195.8472992400903
 118.4076595744681
 56.14516129032258
 62.50008181966944
 92.57951482479784
 172.0648026794816
 194.7526530612245
 74.55030303030303
 104.5358665663406
 114.7175572519084
 80.77588229984654
 100.9618922470434
 69.77917068466731
 98.92092423823991
 97.24406309585716
 70.04915514592933
 64.6598957275374
 114.6982687551525
 111.005169605552
 124.2926829268293
 78.72941260642486
 81.04368641532017
 98.19723677941877
 100.4693632641536
 91.06303073795
 109.7185185185185
 78.39880507841673
 114.6740133264992
 94.13642922733831
 46.31655629139073
 64.39665471923537
 98.97333584290107
 65.85528973950025
 113.6264390631203
 94.86916367367881
 131.592039800995
 94.66877303844129
 76.25493513818388
 105.4357556608742
 100.2070393374741
 105.3901068015739
 66.96859049862583
 89.83333333333333
 83.65554072096128
 114.5928525016244
 139.7954832881662
 81.42690058479533
 91.62132782937738
 281.2645281264529
 503.5402298850575
 456.2057856673242
 537.5557065217391
 504.8327737809753
 320.3377871542429
 538.0928842228055
 399.4065429882306
 251.4110296115186
 275.8639506172839
 323.0331262939958
 369.9847310312426
 239.1233005157056
 227.8767476085357
 269.1761343336906
 427.9467731204257
 453.0638297872341
 280.1632873749662
 528.6112569262175
 354.5725172074729
 291.824355971897
 413.8853503184714
 349.5766758494031
 369.5842349304482
 427.9542857142857
 406.1525885558583
 343.0392392392392
 97.45471580262335
 208.9852264685068
 190.8086795001688
 173.6410325841682
 95.39637888317135
 171.7136992972935
 119.5438515438515
 146.7246346843121
 185.7398667800453
 172.6099913867356
 199.4156396090098
 79.26484448633364
 208.641975308642
 189.7966321243523
 234.6075864384022
 389.3676952639312
 197.8353909465021
 203.2426617488858
 518.2897623400365
 405.7837870983567
 183.5379818594104
 82.85398579321232
 164.9038461538462
 178.4957717479226
 196.4632665452338
 125.9994096115244
 188.3138401559454
